0 32.7137352731334
15 39.0830045945211
30 45.5626260115559
45 52.2666468302371
60 59.3091143565639
75 66.8040758965356
90 74.8655787561516
105 83.607670241411
120 93.1443976583133
135 103.585385650617
150 114.774899127665
165 126.145895410453
180 137.095950522054
195 147.022640485541
210 155.364188176892
225 162.031336137084
240 167.239678303866
255 171.209889471604
270 174.162644434662
285 176.318617987403
300 177.898484924191
315 179.12292003939
330 180.212598127366
345 181.38819398248
360 182.870382399098
375 184.879838171583
390 187.6372360943
405 191.360539752927
420 196.105040212017
435 201.673886128377
450 207.848536489333
500 215.14108649433
800 0
